3
93 112
idle
4
0
0
1
1
-25.000000 27.000000 -155.000000 -22.000000
-25.000000 27.000000 -155.000000 -22.000000
2
0
0
0
1
1
-23.000000 32.000000 -153.000000 -25.000000
-23.000000 32.000000 -153.000000 -25.000000
2
0
0
0
1
0
2
0
0
0
1
0
2
0
move
8
0
0
1
0
2
0
0
0
1
0
2
0
0
0
1
0
2
0
0
0
1
0
2
0
0
0
1
0
2
0
0
0
1
0
2
0
0
0
1
0
2
0
0
0
1
0
2
0
attack
5
0
0
1
1
-29.000000 36.000000 -136.000000 -21.000000
-29.000000 36.000000 -136.000000 -21.000000
2
0
0
2
-6.000000 164.000000 -93.000000 -53.000000
-6.000000 98.000000 -73.000000 -53.000000
73.000000 164.000000 -93.000000 -60.000000
1
2
-40.000000 72.000000 -119.000000 -19.000000
1.000000 72.000000 -119.000000 -19.000000
-40.000000 23.000000 -60.000000 -19.000000
2
0
0
5
-38.000000 185.000000 -160.000000 -30.000000
-38.000000 62.000000 -160.000000 -112.000000
46.000000 106.000000 -152.000000 -110.000000
88.000000 136.000000 -133.000000 -91.000000
125.000000 159.000000 -120.000000 -82.000000
157.000000 185.000000 -95.000000 -30.000000
1
3
-38.000000 75.000000 -123.000000 -12.000000
25.000000 75.000000 -123.000000 -73.000000
0.000000 55.000000 -112.000000 -12.000000
-38.000000 31.000000 -72.000000 -12.000000
2
0
0
2
-44.000000 74.000000 -152.000000 -106.000000
-44.000000 23.000000 -152.000000 -106.000000
20.000000 74.000000 -141.000000 -110.000000
1
3
-38.000000 84.000000 -128.000000 -15.000000
32.000000 84.000000 -128.000000 -74.000000
-5.000000 53.000000 -116.000000 -16.000000
-38.000000 7.000000 -55.000000 -15.000000
2
0
0
2
-46.000000 -5.000000 -193.000000 -110.000000
-46.000000 -23.000000 -193.000000 -132.000000
-25.000000 -5.000000 -144.000000 -110.000000
1
3
-32.000000 86.000000 -131.000000 -16.000000
3.000000 53.000000 -116.000000 -16.000000
32.000000 86.000000 -131.000000 -77.000000
-32.000000 5.000000 -67.000000 -17.000000
2
0
